-1.290942638974436739e-06
-1.737328922586714780e-05
4.116335847220631749e-06
-2.446769297806321079e-06
-1.427956596478810596e-06
-9.955148424808915714e-06
-7.996613619223488136e-06
6.008750326665926907e-07
1.193973027163874418e-06
-2.537272318913258218e-06
1.530685461107620727e-05
-7.602173402202162311e-07
-3.245680799141589627e-06
-2.840781159636359574e-07
9.504163778211738853e-06
2.444369916293409649e-06
-4.284495185980082363e-06
-5.421390419592321206e-06
-2.163143617695865277e-07
-5.219744240323196162e-07
7.327123823170589291e-06
2.681453732414276990e-06
3.957347375843254131e-06
-2.422608366346021391e-06
8.726924146924681689e-06
-9.079164921058587101e-07
-1.687041641328289504e-06
0.000000000000000000e+00
-4.021835735979148812e-06
-5.192973451145419911e-05
5.174481990872035099e-06
6.357282918859829468e-07
1.094501670693129882e-05
8.073419078914447483e-07
1.209636587406661873e-06
8.463282962869184298e-07
-1.123633793844382713e-05
2.758342739041863384e-06
-1.343521952746862344e-06
1.043671792406076420e-05
-3.096461817166341391e-06
-1.023429270154550583e-06
2.851517679363845124e-06
2.045308440018632867e-06
1.091472871632927798e-06
-1.164689598609968210e-05
2.215156689271521809e-06
-9.809758406296186005e-06
-7.620407213137622245e-06
-2.314999852262304236e-08
-8.670418698918709181e-08
-1.852015163943987369e-06
2.048649217213945238e-05
-5.357627741432820605e-07
-2.554713078829771772e-06
0.000000000000000000e+00
-3.169897219740085826e-06
3.635063485593328933e-06
3.080014267632848732e-06
-4.099750225769250206e-06
6.380888024647229671e-06
2.946995335090437314e-06
1.336429415497323478e-05
1.908930961813612018e-06
1.812466363453313893e-06
-3.810002556166177069e-07
-5.691779465348795272e-06
-7.616270135550327271e-07
-3.127839398388655901e-05
3.502036796838899904e-06
-6.637098921347897135e-07
3.216468201111474818e-06
-6.405909285555084890e-06
4.359256582946886242e-07
2.177831173789612617e-06
-1.065405937941575206e-06
4.052191839911088620e-06
3.139134934634207479e-05
-5.240679605189802816e-07
6.499533579335876654e-07
-4.853986973566943393e-07
-6.961357727775968399e-08
2.838396714954244392e-06
-4.957328469964507728e-06
-1.342914568967741876e-05
3.018548723643996411e-06
-2.399024821464760250e-05
-4.599317756547402440e-06
4.077285657734444347e-06
-6.573927538780657130e-07
-1.006283400337648775e-05
1.999437378876419116e-05
-4.753455391598532075e-06
-1.895213814486803817e-06
4.865502241014741148e-07
2.123450952713948439e-06
-6.403608870826637422e-06
-2.801224596472725947e-06
1.263660909568056378e-05
-1.515333929216486020e-06
-5.598779811223011288e-06
1.220694488513721176e-06
0.000000000000000000e+00
-2.638184540055927396e-07
1.176500355971624249e-05
6.838584962507628039e-06
-2.550629133880876885e-06
-2.030516339686514653e-06
-9.143581664249097974e-07
2.107527920300668615e-05
6.587093787987623917e-06
2.622890402917598740e-15
1.919665546486599437e-06
1.380690588840921736e-06
6.428000920360820435e-07
9.090007024832041381e-07
-3.067865261004927584e-06
-4.677493605932186115e-06
-1.250168197027706555e-07
1.040050356228208378e-06
-1.206424644233786551e-05
1.455588044038886460e-07
1.003365021994208583e-06
-5.148331796521142150e-06
-3.920474955784952084e-06
3.018144814076088538e-07
6.843150293126098615e-06
-7.526970110794345052e-07
-1.457563556104961747e-06
5.671716985421095167e-06
2.275528223750528374e-07
3.645079108093951697e-06
-2.073631673814603815e-06
-1.825069779733323290e-06
3.041757324931651906e-05
0.000000000000000000e+00
-7.827633843725074045e-07
9.495980555798037757e-15
-5.131553064654527894e-06
5.963309601024569602e-06
2.222742407928910229e-06
-2.202495671163505472e-06
-2.901137342858616324e-06
-1.430810319883862553e-06
-2.109231973210746779e-06
-5.466157920714662130e-06
6.003270565146919380e-08
-8.750361049383976082e-07
-2.850295285101511177e-06
9.776689564967651046e-06
7.330912339127577090e-06
2.453637543003122826e-07
3.310604288782332242e-09
2.258238942542342759e-06
2.175387861729495131e-06
0.000000000000000000e+00
5.509800747649089415e-06
-3.822388706258476480e-07
5.854389376955272549e-06
2.554096411052475860e-08
-3.340823387713744245e-07
6.925835402163100562e-06
-7.251700567414655242e-06
9.684055150628906185e-08
5.630547581258854371e-06
6.914886765290133156e-06
-1.188677631413918250e-07
-7.370800078831831542e-07
-5.050378341433667377e-07
3.354086230272216929e-06
-3.027699411798998894e-06
-6.354331647178318656e-06
3.942668241933998513e-06
3.956489762439498361e-06
5.568201902349568613e-06
3.939015859366652542e-06
-3.173889598976895775e-06
-1.442804304621039393e-06
-1.304182976152332911e-07
1.141292138130848938e-05
6.766892255480865608e-06
6.254939435199580908e-07
-7.569132503674040133e-13
5.973284482070661482e-06
7.604192074086583515e-06
-1.714216077358914346e-06
5.360920726048302693e-06
2.896688904181298727e-05
-1.350243088314410826e-05
2.371474418821947886e-06
7.261871141052634044e-09
-6.156194476952337249e-06
-1.845521467074265307e-06
3.145025340252551319e-06
-1.482490775855461654e-06
0.000000000000000000e+00
1.903326776878538454e-05
3.243557368818283904e-06
7.556338248160628591e-06
-6.357030326865588447e-06
