2.504423991364975564e+02
2.491480206540447284e+02
2.482181510545814831e+02
2.467725137839493641e+02
2.456219551328801458e+02
2.441564806441261339e+02
2.434497797485340698e+02
2.428745004229994606e+02
2.420611744800023075e+02
2.420438169141456797e+02
2.424331223197876284e+02
2.440151404650077325e+02
2.457905714869161784e+02
2.477990898217566951e+02
2.491182648268619459e+02
2.502117914758306938e+02
2.510449546369497398e+02
2.510151988097669005e+02
2.502960996528486817e+02
2.492645643105108206e+02
2.492472067446541359e+02
2.502713031301963156e+02
2.512904402112080220e+02
2.513747483882260099e+02
2.508193062808132936e+02
2.495993173663175639e+02
2.484338808016569260e+02
2.465096706438343972e+02
2.446325738790512787e+02
2.428893783365908803e+02
2.420537355232066261e+02
2.421231657866331943e+02
2.428397852912862049e+02
2.433456343533941890e+02
2.438837188949502206e+02
2.453615916450304439e+02
2.465815805595262304e+02
2.479801044371189391e+02
2.488479827299512976e+02
2.500233379036727683e+02
2.481412818343592335e+02
2.465146299483648704e+02
2.451780973774030485e+02
2.431695790425624750e+02
2.415776422882814245e+02
2.399559497068175915e+02
2.387111642696694389e+02
2.378631231949589733e+02
2.360752939117243727e+02
2.345180722891566347e+02
2.334592607719011426e+02
2.342924239330201885e+02
2.350090434376731992e+02
2.364819568832229493e+02
2.370101228157180344e+02
2.376895475363925243e+02
2.379771871991598573e+02
2.368464657662125319e+02
2.351751801394439667e+02
2.352421307506053267e+02
2.353437964934799425e+02
2.351974970098310678e+02
2.369952449021266716e+02
2.381929169462353002e+02
2.382276320779485559e+02
2.376225969252311643e+02
2.371390647335102813e+02
2.358843606873012391e+02
2.350735143965692941e+02
2.342056361037369925e+02
2.349346538697161577e+02
2.366059394964847229e+02
2.382995419936404460e+02
2.388301875784007962e+02
2.399534700545523265e+02
2.415379678520376956e+02
2.430951894746054336e+02
2.449970827620408613e+02
2.462939408967589543e+02
2.477073426879430258e+02
2.440969689897604553e+02
2.417859330785611860e+02
2.392219726363078962e+02
2.365836226260975650e+02
2.341981971469412542e+02
2.320037048922080203e+02
2.299034394235537775e+02
2.272799673269348659e+02
2.231563056098485731e+02
2.192235771171854140e+02
2.158537296887307093e+02
2.143064266752238609e+02
2.126500189620467154e+02
2.118441319758452437e+02
2.109192216809125284e+02
2.097438665071909440e+02
2.085536334198780537e+02
2.060095101957466568e+02
2.044746054435660199e+02
2.038174975932786879e+02
2.042464774351643655e+02
2.050052510283263132e+02
2.069443390997403185e+02
2.095405350214416558e+02
2.104480877505178000e+02
2.117920592782753033e+02
2.127616033139823344e+02
2.134633449050438685e+02
2.153553195834184066e+02
2.165877067592402909e+02
2.196773534817235145e+02
2.236943901514046615e+02
2.277858163890428500e+02
2.301811604772601072e+02
2.323111817730972462e+02
2.343618541964468136e+02
2.365389888853233629e+02
2.391500627206161198e+02
2.415900405496076360e+02
2.439209136789287982e+02
2.365613057557104639e+02
2.326806499606172451e+02
2.285545085912657441e+02
2.249168587181656562e+02
2.210337232708071724e+02
2.172770500889757272e+02
2.126153038303334597e+02
2.063244260334315641e+02
1.994905043904431068e+02
1.916696811458910474e+02
1.854829487441290325e+02
1.800549899355290222e+02
1.759065316957904201e+02
1.711976720441086286e+02
1.670839289360833106e+02
1.627197409492692373e+02
1.575149508445403512e+02
1.530639750284430534e+02
1.492428308877155132e+02
1.474153271682370985e+02
1.472640683800577506e+02
1.490618162723533260e+02
1.523721520464424088e+02
1.565553254178943519e+02
1.619287318766591852e+02
1.669153125820473065e+02
1.712646226552699602e+02
1.762784795355757126e+02
1.810121357099098418e+02
1.868442778377431921e+02
1.928971090171825153e+02
2.003806995536626232e+02
2.069344204906793721e+02
2.133393622917820949e+02
2.177977770646751310e+02
2.212544123224130885e+02
2.249342162840222841e+02
2.284478835438606552e+02
2.324550016044808558e+02
2.364075673152658510e+02
2.246267394031330582e+02
2.185615099623676088e+02
2.126723358324338164e+02
2.066095860439335752e+02
2.000261092797339302e+02
1.936831587852620942e+02
1.863929811254704134e+02
1.774786312319496062e+02
1.689188716123573784e+02
1.597962309285568097e+02
1.501751801394439383e+02
1.397482423641296236e+02
1.280641208903410302e+02
1.165659733364450403e+02
1.060175326001341602e+02
9.359447475130545513e+01
8.055646314069838354e+01
6.763499518655734732e+01
5.482759123661716671e+01
4.697205286035182326e+01
4.683815163802910320e+01
5.422751538843021990e+01
6.664065462819800700e+01
7.951500918929957606e+01
9.229265731205691736e+01
1.047653082061903831e+02
1.150930598908952902e+02
1.265664109221389140e+02
1.388456489395839810e+02
1.491312465357798942e+02
1.593796493479972867e+02
1.687800110855042419e+02
1.780266343825665842e+02
1.870128941917791963e+02
1.942931532425099590e+02
2.004327722512325636e+02
2.068699495317832771e+02
2.128359928819393758e+02
2.186631757052422813e+02
2.245821056623588561e+02
2.099868724291840181e+02
2.020966189212053905e+02
1.936112488695703178e+02
1.851903497768312832e+02
1.779943989031185083e+02
1.709596254266460562e+02
1.623899471979929103e+02
1.528780011085504213e+02
1.411591645030485154e+02
1.291080544940050459e+02
1.164097552437352192e+02
1.023154117681379205e+02
8.658697744975057731e+01
7.013944397444498691e+01
5.421263747483881446e+01
3.896773534817234008e+01
2.565944164065462019e+01
1.291898830187578540e+01
5.018816184836197181e+00
0.000000000000000000e+00
3.744274920505290538e-01
5.596575162636014511e+00
1.356369789083694855e+01
2.592476443303479527e+01
3.843956941567722652e+01
5.367455293328275445e+01
6.953688847399280348e+01
8.544881706000757049e+01
1.008152221476705961e+02
1.150707430205081607e+02
1.277740015753084890e+02
1.403359199509903874e+02
1.522084949969368779e+02
1.620031214446162551e+02
1.712299075235567045e+02
1.784779310948394198e+02
1.855895737915341783e+02
1.938517751392980699e+02
2.022751538843023695e+02
2.101455701741591042e+02
1.928772717990606225e+02
1.829611423903847651e+02
1.739327284926631307e+02
1.667987689255812427e+02
1.615220689051605802e+02
1.545641646489104062e+02
1.446678724583564133e+02
1.288675282242772369e+02
1.126059686688643069e+02
1.006689226640216930e+02
8.842687943055514666e+01
7.699816214008575344e+01
6.653154992852765304e+01
5.791227865456986024e+01
4.921613816038974676e+01
3.346042766708480087e+01
1.937352314828319777e+01
8.916829545786043809e+00
5.003938271244777525e+00
4.443536859301602249e+00
4.093905889903439288e+00
4.552641558971956215e+00
9.276379124245153207e+00
2.091338720499430792e+01
3.438285830975232216e+01
4.882931240701303466e+01
5.801890370197496338e+01
6.733991656699436135e+01
7.678491204527551872e+01
8.682006476268267647e+01
9.871247702675105984e+01
1.117256921147057653e+02
1.283120861168645490e+02
1.444149479273024212e+02
1.544401820356486610e+02
1.613832083783074154e+02
1.667888503165202962e+02
1.741335803261472108e+02
1.831049622217684032e+02
1.929838968464657682e+02
1.724474167857872260e+02
1.642298491787975081e+02
1.588961171562764321e+02
1.547674961346596660e+02
1.457613991073251611e+02
1.338243531024825472e+02
1.174536888473992633e+02
1.033023133697015510e+02
9.631217363400330100e+01
9.418711164269666369e+01
9.405569007263923709e+01
9.667172321246243882e+01
9.215131713293851590e+01
8.380976691268705281e+01
6.694565185682196784e+01
3.868257533767028633e+01
2.418900784737010667e+01
2.327153650923305861e+01
2.882595758336007918e+01
3.322238104962221428e+01
3.313807287260421219e+01
2.780930015461360938e+01
2.230695177805652918e+01
2.420636541322674873e+01
3.933224423116192270e+01
6.685638437527347833e+01
8.383208378307418229e+01
9.349776831296128421e+01
9.861825024067212553e+01
9.444003617375068416e+01
9.270179993582075895e+01
9.428877738557133625e+01
1.023054931590769741e+02
1.169304822194346229e+02
1.333507395198226106e+02
1.454068088333965250e+02
1.545939204760932171e+02
1.592011143849003929e+02
1.643786283147115910e+02
1.722688818226902754e+02
1.568132092534787887e+02
1.530887715510953910e+02
1.466267977478922830e+02
1.322026605210186858e+02
1.187480673298520912e+02
1.041453951398815434e+02
9.663948773301436290e+01
9.989775080953353381e+01
1.080930015461361222e+02
1.217236500481344024e+02
1.362792088450654830e+02
1.341541468537588457e+02
1.212351585518830746e+02
1.028733335278158449e+02
7.064033373202249777e+01
4.559832550541146645e+01
3.797835409434347298e+01
3.997199451559264105e+01
4.632982292365588251e+01
5.242232853933894887e+01
5.229338662154671624e+01
4.600002917237958400e+01
3.951325884652410991e+01
3.721958050118148265e+01
4.710843373493975150e+01
7.224466874762973134e+01
1.030593074477085054e+02
1.219369001429446371e+02
1.359965284868286517e+02
1.373578575804428397e+02
1.221675078036115281e+02
1.074681291752968093e+02
9.782724116806207348e+01
9.496572245398056111e+01
1.037362525161177302e+02
1.179149041687330453e+02
1.314066921438781606e+02
1.464160273053472849e+02
1.530193412876688228e+02
1.565379678520376672e+02
1.487840952186469679e+02
1.398598267160652142e+02
1.225989672977624707e+02
1.062332623472096600e+02
9.639400215875608069e+01
9.408544589982204798e+01
1.037436914729134401e+02
1.227328685200851623e+02
1.456994078006943028e+02
1.688370430876046271e+02
1.764793313690597927e+02
1.631437614866244417e+02
1.401003529857930232e+02
1.032799964993144215e+02
6.434449663059012892e+01
4.716298608477492849e+01
4.099361124886956986e+01
4.335176055310832055e+01
4.953601330260508462e+01
5.709895271157267871e+01
5.710639166836837433e+01
4.962776043641881074e+01
4.318066454680707977e+01
4.054727384112722177e+01
4.852927448291956125e+01
6.706715481781847643e+01
1.049661600396744063e+02
1.405169345663525462e+02
1.647778523294144861e+02
1.779547244668747510e+02
1.698983342571253274e+02
1.476013010881297305e+02
1.230725808804224073e+02
1.029601213570990978e+02
9.296712272820093403e+01
9.668412147378862187e+01
1.055141631902914128e+02
1.217608448321129515e+02
1.396837714052335002e+02
1.489576708772134452e+02
1.405615683071268052e+02
1.224873829458268801e+02
1.025286618629481268e+02
9.323988447737679053e+01
9.220338983050845627e+01
1.049587210828787249e+02
1.296362204265001878e+02
1.617402783045012882e+02
1.884833279850637382e+02
2.036687184573645482e+02
2.034207532308410578e+02
1.818304209574374966e+02
1.477203243968610309e+02
1.025237025584176820e+02
6.018364012952534381e+01
4.726217217538435023e+01
4.378322004725924899e+01
4.673400624288922245e+01
5.181729338662154305e+01
5.778581638904285001e+01
5.848011902330873113e+01
5.318358178476619003e+01
4.761676244931298640e+01
4.369395256571077368e+01
4.843504769684064115e+01
6.248475743166369512e+01
1.040238921788850064e+02
1.482906444178651384e+02
1.834818693660841689e+02
2.047969602380465517e+02
2.051267539893228786e+02
1.905637562355960881e+02
1.630520143528107440e+02
1.303850754106012459e+02
1.044851075002187883e+02
9.188103503602786759e+01
9.323740482511158234e+01
1.019509028851483095e+02
1.224204323346655201e+02
1.407326643134280459e+02
1.252348376557075653e+02
1.064093176580413456e+02
9.178184894541846006e+01
8.899967910382449077e+01
1.000911636862218757e+02
1.272904693835876060e+02
1.633098981883952092e+02
1.992425391639196164e+02
2.179539951573849521e+02
2.263178622480235731e+02
2.207981563056098366e+02
1.903777823157034845e+02
1.530912512033606276e+02
1.028882114414072646e+02
6.309227223664635176e+01
5.519457977187197173e+01
4.977901922459813022e+01
5.194623530441376147e+01
5.335715744333263899e+01
5.403410251174186385e+01
5.449283818081039499e+01
5.414072755914699542e+01
5.196607252253564013e+01
4.912935033110649385e+01
5.546734152104785665e+01
6.536859301613233697e+01
1.041974678374514838e+02
1.537384404445870416e+02
1.918333381953965500e+02
2.230918346509524781e+02
2.277263047346771714e+02
2.202129583710142811e+02
2.011245952332331512e+02
1.649935820764899574e+02
1.283319233349864135e+02
1.006689226640216930e+02
8.934435076869218051e+01
9.213891887161236127e+01
1.062803757402491271e+02
1.249992706905102011e+02
1.142103036844715405e+02
9.814959596254263374e+01
9.086685725954666282e+01
9.429373669010180947e+01
1.177586860760232241e+02
1.535400682633682266e+02
1.922276029055689719e+02
2.239101198984801044e+02
2.377986522360628783e+02
2.426190962396802320e+02
2.322119956824877818e+02
1.993516438635899135e+02
1.601012281571807705e+02
1.091022200180868538e+02
6.926660637708215518e+01
6.152761165728287551e+01
5.281411359724613419e+01
5.312902943493099883e+01
5.165363633711599789e+01
4.720018086875346341e+01
4.724729426179293057e+01
5.123953440882172572e+01
5.243224714839989531e+01
5.218924122640683549e+01
6.186732401762010625e+01
7.205621517547183430e+01
1.105156218092709821e+02
1.605202893900055301e+02
2.007179322617345747e+02
2.342353919309197749e+02
2.438018903701974409e+02
2.393608331631610895e+02
2.253284809941946492e+02
1.936558826103445199e+02
1.550402578838355794e+02
1.190282680358236860e+02
9.525088246448262908e+01
9.186119781790600314e+01
9.836780536188337010e+01
1.130994194696461079e+02
1.102081449283818131e+02
9.865296537238540964e+01
9.328451821815104950e+01
1.058315586802415282e+02
1.355526707313515544e+02
1.710191370810117064e+02
2.087520056010968688e+02
2.366133784532804043e+02
2.483247761019866289e+02
2.519673852796172469e+02
2.401121677995274126e+02
2.069790542314536310e+02
1.664342600425916601e+02
1.180364071297295538e+02
7.455570465882900066e+01
6.388576096152161199e+01
5.607981563056097229e+01
5.003442340791737308e+01
4.629014848741209676e+01
4.090682341958631696e+01
4.113495142798797133e+01
4.635957875083869340e+01
5.015592636891391010e+01
5.696257183698473625e+01
6.622407304763848401e+01
7.737754893666675571e+01
1.191572099536159044e+02
1.668111671869074257e+02
2.084271711543510719e+02
2.412280113188832615e+02
2.527807112226144000e+02
2.497232999795793376e+02
2.378755214562851279e+02
2.098232153796785155e+02
1.727970477551853605e+02
1.376058228069663585e+02
1.074334140435835252e+02
9.374821319175003964e+01
9.848186936608419728e+01
1.088492954870328617e+02
1.155840310394118546e+02
1.037263339070567838e+02
1.036420257300387959e+02
1.197151317132938289e+02
1.442835263572449378e+02
1.782572420432334468e+02
2.138228944835030347e+02
2.384979141748592610e+02
2.498695994632282122e+02
2.550000000000000000e+02
2.436506315820181499e+02
2.140807783190874716e+02
1.733524898625980768e+02
1.294849616383208399e+02
8.260713556404795099e+01
6.119781790600659122e+01
5.289842177426410785e+01
4.380553691764637847e+01
3.761880451588434937e+01
3.363896263018173727e+01
3.408777969018932197e+01
3.832798506374165015e+01
4.448744129058607655e+01
5.331996265935410406e+01
6.224919046646635934e+01
8.348989177047172916e+01
1.295940663379911939e+02
1.740864669331077152e+02
2.151842235771171659e+02
2.443102190845706900e+02
2.549553662592257410e+02
2.508961755010356001e+02
2.392988418565302595e+02
2.147874792146795357e+02
1.801764928965255876e+02
1.465077744391609826e+02
1.205606931357390863e+02
1.034758890282680284e+02
1.025881735173138054e+02
1.143144490796114212e+02
1.268590098894366633e+02
1.136449429679979062e+02
1.200474051168353640e+02
1.307049505528165980e+02
1.484369439015140131e+02
1.775232649727238083e+02
2.110035298579305163e+02
2.352768458823185824e+02
2.472039732781003067e+02
2.544519968493830220e+02
2.467824323930102537e+02
2.230472009101782191e+02
1.888329589544618727e+02
1.481319466728900807e+02
1.054149770996820052e+02
7.472680066513026986e+01
5.880495347005454221e+01
4.737127687505468998e+01
3.830070888882406166e+01
3.513915225064909009e+01
3.496557659208261271e+01
3.812465357799234766e+01
4.739359374544181946e+01
5.896365121502961415e+01
7.601869949531780435e+01
1.057249336328364393e+02
1.478963797076927449e+02
1.898173809037603235e+02
2.241283292978208124e+02
2.470403162285947474e+02
2.548090667755768663e+02
2.482032731409901203e+02
2.362736660929431878e+02
2.116060853583826997e+02
1.784357770063303974e+02
1.495775839435222849e+02
1.314042124916129239e+02
1.202631348639108353e+02
1.130498264243414326e+02
1.267251086671139717e+02
1.393886927856705142e+02
1.296907727763353364e+02
1.336210216167332874e+02
1.425601680329064322e+02
1.508942792963621855e+02
1.723333527815863988e+02
2.015858105545669332e+02
2.259880684967472462e+02
2.407915925202018457e+02
2.510003208961754808e+02
2.507796318445695078e+02
2.345899822048484680e+02
2.068352344000700214e+02
1.710191370810117064e+02
1.339929694565185514e+02
1.050727850870795521e+02
7.528720207707343093e+01
5.142550832871435773e+01
4.103328568511332719e+01
3.423655882610343326e+01
3.401339012223226632e+01
4.013565156509815779e+01
5.145030485136673803e+01
7.716429884185652099e+01
1.059431430321771188e+02
1.339210595408267466e+02
1.714853117068759047e+02
2.077179906064937427e+02
2.352768458823185824e+02
2.508837772397093886e+02
2.512061320341899773e+02
2.418330464716006531e+02
2.270121648822894258e+02
2.016378832521368736e+02
1.727102599259021076e+02
1.523126403920767586e+02
1.438371889495026039e+02
1.343996324280171279e+02
1.293436214592024101e+02
1.387340645876484189e+02
1.494808775051780856e+02
1.449728696869803741e+02
1.474673998658070389e+02
1.543732314244872725e+02
1.577455585052072422e+02
1.670665713702266260e+02
1.886370664255082943e+02
2.108373931561596919e+02
2.270072055777589526e+02
2.392542081157560006e+02
2.445160302225852433e+02
2.407172029522447474e+02
2.233422795297412335e+02
1.936930773943230406e+02
1.579017765979170633e+02
1.219294611861489557e+02
8.579100907261005204e+01
5.662781878117796452e+01
4.480235712827094119e+01
3.688482744537471092e+01
3.718486536946818433e+01
4.555369176463723591e+01
5.752545290119314814e+01
8.590507307681087923e+01
1.215351964759765337e+02
1.579885644272003162e+02
1.942063654132267061e+02
2.240489804253332977e+02
2.412081741007613687e+02
2.449747658916537603e+02
2.397278216984158803e+02
2.275155342921322017e+02
2.109440182035648377e+02
1.883717436331281476e+02
1.676939233933311755e+02
1.587994107179322327e+02
1.550600951019574438e+02
1.476484144811692261e+02
1.446579538492954669e+02
1.486675515621809041e+02
1.653804078298666695e+02
1.606641092213891682e+02
1.586580705388138597e+02
1.607409784416114746e+02
1.624568978091542704e+02
1.672649435514454694e+02
1.783787450042299838e+02
1.936707605239359395e+02
2.061979637679045254e+02
2.142295574550016113e+02
2.219759911315965724e+02
2.273196417631785948e+02
2.243143032177134160e+02
2.098256950319437806e+02
1.855622976166165472e+02
1.542021354181860602e+02
1.160254091426237721e+02
8.420403162285947474e+01
6.491977595612473806e+01
5.666005426062602623e+01
5.683610957145772602e+01
6.583228798973132712e+01
8.489833425712532744e+01
1.169850345692697999e+02
1.547451792642725650e+02
1.854804690918637959e+02
2.100315061699582770e+02
2.239993873800285655e+02
2.270989527115726787e+02
2.221049330493888192e+02
2.143609790250590663e+02
2.055780507015957141e+02
1.931053998074622768e+02
1.785820764899793005e+02
1.685543627293677957e+02
1.637537559438723065e+02
1.607434580938766828e+02
1.584225035736164671e+02
1.612567461127804052e+02
1.656978033198167850e+02
1.925697949181714534e+02
1.865963126112196733e+02
1.803847836868053491e+02
1.749072318329005782e+02
1.725391639196009237e+02
1.751031243618541851e+02
1.805434814317803500e+02
1.874269961200734826e+02
1.943576242014061108e+02
2.012857726304734456e+02
2.051589894687709830e+02
2.085015607223081133e+02
2.086528195104874612e+02
2.057640246214883746e+02
1.963115901864114790e+02
1.824057002829720489e+02
1.632603051430905055e+02
1.404822194346392621e+02
1.229188424399778228e+02
1.148723708392893457e+02
1.150856209340995804e+02
1.228890866127949835e+02
1.406483561364100296e+02
1.632454272294990858e+02
1.817163569532366694e+02
1.957983021675078135e+02
2.053747192158464259e+02
2.084916421132471669e+02
2.084891624609819019e+02
2.053623209545202144e+02
2.016701187315849211e+02
1.945931911666034466e+02
1.878336590915720592e+02
1.817138773009714328e+02
1.763875842352460381e+02
1.734367980396160931e+02
1.753089354998687099e+02
1.812848974590857267e+02
1.876898392601884211e+02
1.931227573733189047e+02
2.097661833775781020e+02
2.049457393739606914e+02
1.990218501123136434e+02
1.918903701974970204e+02
1.858573762361795616e+02
1.834347559730447301e+02
1.850316520318561970e+02
1.890586073105983189e+02
1.934872662563084873e+02
1.975018232737244261e+02
2.002616762449312660e+02
1.990912803757402116e+02
1.975935704075380954e+02
1.959718778260742624e+02
1.930781236325447026e+02
1.904819277108433653e+02
1.852820969106449809e+02
1.768364012952536370e+02
1.682171300212958158e+02
1.651944339099740091e+02
1.651374019078736239e+02
1.677906298316753748e+02
1.760181160477260107e+02
1.846423466262143052e+02
1.898545756877388158e+02
1.931376352869103243e+02
1.962967122728201161e+02
1.981911666034598625e+02
1.991631902914320449e+02
2.004947635578633935e+02
1.981663700808074964e+02
1.939831967093555818e+02
1.896314069838676630e+02
1.857631494501006273e+02
1.840720266052101408e+02
1.863508270369613911e+02
1.923838209982787930e+02
1.998897284051460019e+02
2.054937425245777263e+02
2.099645555587969170e+02
2.213635170220834993e+02
2.163570990985734284e+02
2.104356894891915886e+02
2.029496193004463294e+02
1.949229849178797735e+02
1.891354765308205970e+02
1.862367630327605923e+02
1.842332040024504636e+02
1.855350214416989729e+02
1.880121940546690098e+02
1.902537997024417109e+02
1.905042445812304663e+02
1.905513579742699335e+02
1.907819656349367961e+02
1.915754543598121131e+02
1.929417427579567743e+02
1.938269786166457607e+02
1.902042066571370356e+02
1.855945330960646231e+02
1.847539309781498673e+02
1.848555967210245115e+02
1.854903877009247424e+02
1.899066483853087561e+02
1.937029960033839870e+02
1.931103591119927501e+02
1.912407013040053698e+02
1.901496543073018302e+02
1.902364421365850831e+02
1.903554654453163266e+02
1.901620525686280416e+02
1.880642667522389502e+02
1.855127045713118719e+02
1.839554829487441339e+02
1.862094868578429612e+02
1.894082382799964819e+02
1.950767233583243296e+02
2.030959187840952040e+02
2.105547127979229458e+02
2.164984392776918867e+02
2.212916071063916661e+02
2.315573674844657148e+02
2.262657895504536327e+02
2.191665451150850572e+02
2.110407246419090370e+02
2.032620554858659716e+02
1.962297616616586993e+02
1.902240438752589284e+02
1.857755477114268103e+02
1.828470783861839379e+02
1.812576212841681524e+02
1.799260480177368038e+02
1.798194229703316864e+02
1.815427812946701636e+02
1.832438227486215965e+02
1.848927915050030606e+02
1.869633011464745209e+02
1.883891011989847755e+02
1.868690743603955582e+02
1.852250649085445957e+02
1.845605181014615539e+02
1.845977128854400462e+02
1.852399428221359585e+02
1.865715160885673072e+02
1.878435777006330056e+02
1.865442399136497329e+02
1.845555587969310523e+02
1.829090696928148247e+02
1.809997374485836303e+02
1.792243064266752128e+02
1.796632048776218653e+02
1.810022171008488954e+02
1.825247235917033493e+02
1.857085971002654503e+02
1.899785583010005894e+02
1.958478952128124888e+02
2.028206773826540825e+02
2.109093030718515820e+02
2.190202456314361257e+02
2.260376615420519784e+02
2.312523702558417540e+02
2.387905131421569536e+02
2.337915341754426777e+02
2.272923655882610205e+02
2.193624376440386072e+02
2.116829545786049493e+02
2.043754193529566123e+02
1.974943843169287447e+02
1.908241197234458468e+02
1.839604422532745787e+02
1.782002100411330332e+02
1.736946818752005584e+02
1.714010035298579169e+02
1.712621430030047236e+02
1.716142536246681516e+02
1.728243239301029348e+02
1.735533416960821000e+02
1.729755827182823111e+02
1.726036348784970471e+02
1.715349047521806085e+02
1.707414160273053199e+02
1.707463753318357931e+02
1.717183990198080608e+02
1.726110738352927285e+02
1.731813938562968360e+02
1.735235858688992892e+02
1.726532279238017225e+02
1.715820181452201041e+02
1.711530383033343981e+02
1.711877534350477106e+02
1.734293590828203548e+02
1.779448058578138046e+02
1.839207678170308213e+02
1.908910703346072069e+02
1.974373523148282743e+02
2.042861518714081512e+02
2.115912074447912232e+02
2.194169899938738126e+02
2.274138685492575291e+02
2.337196242597508444e+02
2.386987660083432843e+02
