8.411338262069165128e-02 -8.411338262069163740e-02
-3.659661391876193465e-02 3.659661391876195546e-02
-3.304673347649424164e-02 3.304673347649421389e-02
-7.865646585356565745e-02 7.865646585356564358e-02
-7.743538649448158950e-02 7.743538649448164501e-02
-5.336026873947146559e-02 5.336026873947143090e-02
2.009947164173321935e-02 -2.009947164173326445e-02
-1.037747433316499844e-02 1.037747433316496895e-02
-4.777744811878646691e-02 4.777744811878639752e-02
5.309825237282257693e-02 -5.309825237282255611e-02
2.141834454398559504e-02 -2.141834454398559157e-02
2.995971874138310398e-03 -2.995971874138321674e-03
-3.589178580377878208e-02 3.589178580377874045e-02
-3.581921504853652349e-02 3.581921504853649574e-02
2.931840544477515645e-02 -2.931840544477510441e-02
2.600384861884633136e-02 -2.600384861884636259e-02
6.131955384774332579e-02 -6.131955384774327722e-02
6.350395707656723843e-02 -6.350395707656719679e-02
3.115194995214494098e-02 -3.115194995214497567e-02
9.894284760730663597e-02 -9.894284760730664985e-02
2.687493853395404517e-02 -2.687493853395402782e-02
4.955512188901487793e-03 -4.955512188901502538e-03
7.733341049727823768e-02 -7.733341049727834871e-02
2.129510961908610139e-02 -2.129510961908613956e-02
-5.478421885188865942e-02 5.478421885188859697e-02
-1.719174244133254287e-02 1.719174244133252552e-02
3.528672189470456050e-02 -3.528672189470454662e-02
-2.437787496137161850e-02 2.437787496137163237e-02
3.015232846508852232e-02 -3.015232846508850845e-02
5.209576596735430304e-02 -5.209576596735428222e-02
-1.470987999923032731e-02 1.470987999923032558e-02
-2.285168378356262908e-02 2.285168378356266378e-02
3.796369702551977837e-02 -3.796369702551979225e-02
4.308016822140899038e-02 -4.308016822140899732e-02
1.814535770635494587e-03 -1.814535770635491985e-03
2.366076163014341552e-02 -2.366076163014341899e-02
5.106072814977010571e-02 -5.106072814977006408e-02
2.180947009794344596e-02 -2.180947009794343902e-02
1.538650264882810217e-02 -1.538650264882810564e-02
-1.112785526046722318e-01 1.112785526046722040e-01
-7.918456954831952499e-02 7.918456954831956662e-02
-7.295510736396454421e-02 7.295510736396466911e-02
2.618986338615428462e-03 -2.618986338615425426e-03
-2.107761989523520077e-03 2.107761989523504031e-03
2.283008704433963157e-02 -2.283008704433963157e-02
-4.256342745131693611e-02 4.256342745131691530e-02
-2.436464616417886170e-02 2.436464616417885823e-02
-2.965978759544192836e-02 2.965978759544190060e-02
9.465366340686513780e-02 -9.465366340686517943e-02
-3.885229379632469671e-02 3.885229379632477303e-02
3.317759541396953643e-02 -3.317759541396952949e-02
-4.407935821668284432e-02 4.407935821668287901e-02
6.419351921916391368e-02 -6.419351921916398307e-02
-1.085240463306707537e-01 1.085240463306708092e-01
8.886271718119966023e-02 -8.886271718119960472e-02
-1.225580467764729314e-01 1.225580467764728204e-01
-3.616475162186622017e-02 3.616475162186626180e-02
-3.401613250795717386e-02 3.401613250795715304e-02
-7.024654971810336164e-03 7.024654971810326623e-03
-7.043334081601543284e-02 7.043334081601550223e-02
4.931780424177269889e-02 -4.931780424177268501e-02
-7.863724362869373152e-02 7.863724362869373152e-02
-2.902530806211338354e-02 2.902530806211334191e-02
-7.261041340178365708e-03 7.261041340178376984e-03
-7.919955294928244377e-03 7.919955294928246112e-03
-5.830609906986216479e-02 5.830609906986219948e-02
1.844192427681489235e-02 -1.844192427681490276e-02
-8.713476789797874877e-02 8.713476789797877653e-02
-3.913458027115323395e-02 3.913458027115326865e-02
5.534876736606399866e-02 -5.534876736606396397e-02
9.444623804362388408e-03 -9.444623804362379735e-03
9.177527704139164244e-02 -9.177527704139158693e-02
-1.918384056720267086e-02 1.918384056720272290e-02
2.586238234611182643e-02 -2.586238234611184378e-02
3.594259686179619023e-03 -3.594259686179605579e-03
-6.963425302110159976e-02 6.963425302110151649e-02
7.782866782597225308e-02 -7.782866782597233635e-02
-3.296948201538187073e-02 3.296948201538186379e-02
3.374407876016233959e-02 -3.374407876016233265e-02
5.440200086944955993e-02 -5.440200086944953217e-02
-3.223670481207008970e-02 3.223670481207013827e-02
-4.727824598852631288e-02 4.727824598852634758e-02
5.488418761911308791e-05 -5.488418761911766189e-05
8.098097381899458519e-03 -8.098097381899461988e-03
-4.523084396322488848e-02 4.523084396322481215e-02
-3.826694831540551622e-02 3.826694831540557173e-02
3.929944508861455549e-02 -3.929944508861459018e-02
1.080220999169078169e-02 -1.080220999169079731e-02
7.594064543098338893e-02 -7.594064543098344444e-02
2.122583315032540094e-02 -2.122583315032543910e-02
-1.839365159459107127e-02 1.839365159459108515e-02
2.212753246513675387e-02 -2.212753246513676428e-02
-4.365677268402991945e-02 4.365677268402989170e-02
-4.205716404653350032e-02 4.205716404653347951e-02
-1.584787445840734124e-02 1.584787445840732042e-02
3.998264979426541937e-02 -3.998264979426541244e-02
-3.487024193830753904e-02 3.487024193830755986e-02
1.435681256842753599e-02 -1.435681256842752905e-02
-1.847591950909506162e-02 1.847591950909508243e-02
1.113566859795495773e-02 -1.113566859795495946e-02
4.828386648108616563e-02 -4.828386648108617257e-02
-5.317557301662235308e-02 5.317557301662226288e-02
-9.654092234004577402e-03 9.654092234004561790e-03
4.405112259021405630e-02 -4.405112259021409793e-02
6.267930461642306529e-03 -6.267930461642303927e-03
3.266331639180804908e-02 -3.266331639180803520e-02
3.895836136927564169e-02 -3.895836136927564169e-02
4.557430279594289202e-02 -4.557430279594295447e-02
3.058711182741709680e-02 -3.058711182741707946e-02
-2.800459427096157680e-02 2.800459427096157680e-02
-1.833778713076172906e-02 1.833778713076177416e-02
-2.431610038047651856e-02 2.431610038047654979e-02
5.869196313673226417e-02 -5.869196313673234050e-02
-1.071113978625197471e-02 1.071113978625195910e-02
-1.116930586167682628e-02 1.116930586167681240e-02
-1.181164961398745161e-02 1.181164961398747243e-02
6.675447511840969933e-03 -6.675447511840967331e-03
7.165948761574798993e-03 -7.165948761574783381e-03
8.015991980178586995e-02 -8.015991980178588383e-02
-1.828022858383143365e-02 1.828022858383143018e-02
4.018314428325578391e-02 -4.018314428325576310e-02
-5.878501165583423921e-02 5.878501165583419757e-02
-1.774043051881058972e-02 1.774043051881056196e-02
-7.503762607862056455e-02 7.503762607862059231e-02
8.603820236914862252e-02 -8.603820236914869191e-02
6.391649889417674868e-02 -6.391649889417674868e-02
6.705314654956623377e-02 -6.705314654956619214e-02
8.825352258008423156e-02 -8.825352258008423156e-02
-6.124381724429079493e-02 6.124381724429085044e-02
-1.196549263403205027e-02 1.196549263403206935e-02
-1.822481008366722000e-02 1.822481008366719918e-02
-3.412887723788791267e-02 3.412887723788787797e-02
-7.988485928967228866e-02 7.988485928967227478e-02
-4.894499572070261373e-02 4.894499572070262067e-02
-2.048742524455289885e-02 2.048742524455288497e-02
1.002437028979988667e-02 -1.002437028979989708e-02
-1.483240206332349376e-02 1.483240206332352151e-02
2.584190652464882915e-02 -2.584190652464884649e-02
1.357779518447582885e-02 -1.357779518447585487e-02
-7.141440892995174101e-03 7.141440892995188847e-03
-1.957385636643899779e-03 1.957385636643895442e-03
2.942251374903173677e-02 -2.942251374903176453e-02
-6.984242769882013924e-02 6.984242769882012536e-02
3.704126182905889686e-02 -3.704126182905891074e-02
3.040987650041992660e-02 -3.040987650041988843e-02
-2.915478826749372948e-02 2.915478826749372601e-02
5.218346476609175139e-02 -5.218346476609175139e-02
-1.309312341873001932e-02 1.309312341873002626e-02
9.154514336509815553e-03 -9.154514336509824227e-03
-6.167908116424135681e-03 6.167908116424125273e-03
1.128833979353722518e-02 -1.128833979353722344e-02
-1.615061511116892834e-02 1.615061511116891793e-02
-7.065264850813489372e-02 7.065264850813489372e-02
-2.926918669405444498e-02 2.926918669405445539e-02
-4.789754063868473938e-02 4.789754063868472550e-02
1.710633425853295975e-02 -1.710633425853291117e-02
-2.991277762531443021e-02 2.991277762531439552e-02
-5.860245216477447810e-02 5.860245216477444341e-02
5.493590578122949097e-02 -5.493590578122947710e-02
-2.519670514233674982e-02 2.519670514233674635e-02
-4.348962077662205106e-02 4.348962077662207881e-02
5.112215070700823483e-03 -5.112215070700823483e-03
1.703872653534397328e-03 -1.703872653534404050e-03
-7.740374261548248203e-02 7.740374261548249590e-02
1.062504230647420833e-02 -1.062504230647421700e-02
-4.279313613059465039e-03 4.279313613059462437e-03
-6.148952258334258736e-02 6.148952258334255960e-02
-3.792819778202077829e-02 3.792819778202075748e-02
8.951940378899647666e-02 -8.951940378899646278e-02
-3.817665609052033754e-02 3.817665609052034448e-02
-3.441375645914707126e-02 3.441375645914708514e-02
2.700758318780458606e-02 -2.700758318780456524e-02
-1.134451236160803275e-02 1.134451236160800847e-02
-4.405175327641224631e-02 4.405175327641222549e-02
3.957211700193016823e-02 -3.957211700193011966e-02
-6.027571984742365052e-02 6.027571984742360889e-02
3.787893396361803611e-02 -3.787893396361802223e-02
2.416990830160503645e-02 -2.416990830160505380e-02
-1.738417652378432959e-02 1.738417652378431918e-02
-7.976030435786804484e-02 7.976030435786807260e-02
-1.214090287954348001e-02 1.214090287954345919e-02
-9.238537807564602133e-02 9.238537807564604909e-02
-1.839752198754861234e-02 1.839752198754860193e-02
2.559578715550149541e-02 -2.559578715550149888e-02
8.414647021531562743e-02 -8.414647021531565518e-02
1.026930254858909458e-01 -1.026930254858909181e-01
-1.235895582826824005e-02 1.235895582826825913e-02
2.619504944695306287e-02 -2.619504944695308715e-02
3.139721449068647030e-02 -3.139721449068648418e-02
5.127526576475175540e-02 -5.127526576475184561e-02
-1.791655791717250423e-02 1.791655791717250770e-02
-3.013165107340787241e-02 3.013165107340787241e-02
-5.019706596156893463e-02 5.019706596156899014e-02
-9.698265190112390077e-02 9.698265190112391465e-02
-3.915721177112327367e-02 3.915721177112328755e-02
1.248017211165584200e-02 -1.248017211165584547e-02
-9.507871489121067637e-03 9.507871489121058964e-03
-4.260941705271690388e-02 4.260941705271690388e-02
2.486745160583608838e-02 -2.486745160583611267e-02
-1.281657926633510223e-03 1.281657926633508922e-03
